1	"169, 48, 124, 150, 137, 171, 173, 12, 115, 100"
2	"127, 50, 272, 251, 316, 313, 100, 14, 242, 279"
3	"347, 340, 320, 331, 271, 321, 342, 346, 318, 345"
4	"301, 327, 303, 359, 354, 360, 324, 258, 361, 362"
5	"430, 390, 434, 89, 168, 250, 228, 50, 169, 408"
6	"474, 134, 511, 483, 513, 488, 135, 481, 479, 221"
7	"50, 174, 172, 187, 127, 64, 357, 318, 483, 12"
8	"127, 187, 651, 511, 177, 183, 79, 188, 174, 227"
9	"691, 276, 6, 298, 487, 50, 483, 479, 201, 286"
10	"611, 178, 603, 357, 483, 488, 480, 64, 191, 185"
11	"745, 750, 318, 718, 723, 83, 86, 100, 208, 660"
12	"196, 318, 143, 15, 735, 191, 753, 133, 71, 282"
13	"50, 647, 124, 172, 48, 228, 522, 429, 174, 430"
14	"709, 430, 408, 168, 175, 525, 151, 792, 285, 524"
15	"936, 459, 292, 690, 15, 676, 237, 125, 927, 924"
16	"174, 127, 144, 64, 98, 180, 182, 22, 496, 79"
17	"150, 919, 475, 126, 269, 1, 100, 151, 276, 137"
18	"512, 170, 14, 60, 61, 963, 958, 242, 113, 137"
19	"8, 153, 211, 319, 887, 325, 435, 258, 202, 210"
20	"742, 148, 323, 15, 121, 243, 274, 87, 22, 181"
21	"56, 853, 127, 671, 185, 200, 98, 201, 558, 100"
22	"50, 109, 127, 187, 172, 174, 89, 153, 195, 430"
23	"408, 124, 694, 652, 516, 116, 530, 171, 189, 175"
24	"64, 11, 98, 318, 357, 56, 12, 180, 191, 127"
25	"173, 169, 408, 463, 258, 114, 50, 174, 257, 478"
26	"127, 50, 515, 313, 100, 302, 936, 316, 181, 315"
27	"246, 100, 508, 370, 1017, 515, 121, 298, 50, 295"
28	"89, 12, 56, 195, 50, 96, 98, 646, 176, 173"
29	"268, 12, 657, 269, 302, 98, 480, 189, 286, 303"
30	"531, 242, 315, 313, 1007, 50, 286, 435, 174, 304"
31	"1022, 175, 705, 32, 136, 514, 493, 811, 484, 611"
32	"246, 268, 50, 313, 250, 276, 475, 298, 100, 181"
33	"313, 348, 328, 343, 271, 292, 333, 751, 678, 682"
34	"329, 299, 1024, 242, 899, 324, 292, 898, 990, 286"
35	"300, 937, 259, 333, 879, 680, 332, 266, 322, 258"
36	"882, 261, 1026, 358, 883, 885, 878, 307, 339, 748"
37	"50, 68, 56, 195, 174, 147, 172, 117, 127, 403"
38	"252, 419, 451, 155, 1030, 97, 95, 1031, 35, 423"
39	"352, 937, 294, 288, 270, 302, 269, 258, 319, 347"
40	"345, 337, 750, 754, 303, 270, 321, 347, 268, 316"
41	"430, 474, 209, 516, 205, 168, 50, 175, 180, 318"
42	"174, 496, 50, 143, 172, 181, 71, 404, 210, 69"
43	"318, 966, 64, 313, 272, 173, 196, 496, 316, 50"
44	"89, 50, 195, 434, 168, 429, 172, 181, 174, 228"
45	"50, 13, 181, 257, 127, 1, 100, 276, 109, 764"
46	"909, 1062, 1024, 100, 286, 690, 262, 305, 313, 127"
47	"269, 262, 305, 302, 340, 306, 268, 303, 286, 258"
48	"50, 661, 195, 483, 511, 480, 187, 172, 174, 132"
49	"1021, 93, 320, 324, 179, 428, 346, 547, 100, 475"
50	"253, 1084, 324, 1010, 276, 1008, 508, 475, 547, 268"
51	"173, 50, 172, 181, 144, 64, 83, 210, 496, 203"
52	"318, 100, 126, 427, 275, 19, 498, 1009, 191, 657"
53	"64, 174, 50, 100, 258, 15, 568, 628, 151, 199"
54	"475, 676, 268, 272, 250, 288, 313, 333, 298, 346"
55	"144, 22, 89, 79, 273, 118, 174, 56, 181, 50"
56	"96, 64, 50, 22, 174, 195, 173, 172, 181, 210"
57	"64, 318, 50, 496, 173, 117, 237, 588, 28, 126"
58	"175, 640, 173, 42, 652, 1103, 475, 45, 730, 89"
59	"127, 56, 200, 1005, 187, 89, 135, 504, 963, 190"
60	"1122, 745, 593, 12, 64, 59, 173, 515, 89, 603"
61	"300, 347, 310, 333, 1127, 304, 258, 328, 751, 294"
62	"134, 50, 483, 114, 474, 285, 127, 12, 170, 207"
63	"1137, 475, 741, 813, 1009, 251, 408, 246, 268, 116"
64	"50, 12, 199, 174, 1141, 172, 127, 511, 480, 64"
65	"318, 378, 427, 64, 651, 423, 736, 194, 50, 196"
66	"50, 127, 300, 117, 288, 181, 298, 237, 763, 471"
67	"7, 64, 273, 1093, 117, 147, 123, 240, 121, 24"
68	"50, 475, 276, 9, 286, 275, 127, 181, 178, 596"
69	"48, 1134, 56, 197, 1144, 50, 1143, 172, 174, 182"
70	"483, 50, 174, 511, 191, 172, 185, 132, 313, 496"
71	"89, 462, 100, 52, 346, 475, 14, 98, 65, 923"
72	"1147, 318, 197, 582, 56, 64, 427, 191, 23, 98"
73	"179, 180, 474, 657, 171, 357, 1073, 59, 100, 127"
74	"272, 313, 302, 340, 315, 331, 100, 333, 258, 15"
75	"952, 13, 137, 408, 100, 56, 1017, 190, 114, 1"
76	"474, 192, 23, 197, 135, 56, 60, 517, 603, 513"
77	"641, 89, 519, 100, 156, 183, 127, 474, 199, 50"
78	"237, 1160, 880, 93, 412, 289, 298, 255, 257, 25"
79	"10, 19, 251, 1022, 116, 137, 262, 813, 582, 306"
80	"64, 466, 86, 205, 45, 237, 100, 887, 483, 303"
81	"98, 79, 318, 100, 273, 42, 282, 7, 410, 210"
82	"483, 318, 519, 199, 496, 657, 705, 194, 479, 480"
83	"22, 265, 692, 82, 79, 174, 125, 64, 468, 121"
84	"318, 64, 543, 286, 87, 528, 529, 408, 486, 98"
85	"134, 483, 705, 136, 132, 50, 478, 479, 482, 1169"
86	"889, 1175, 1176, 270, 683, 258, 269, 259, 888, 327"
87	"174, 50, 172, 96, 181, 64, 204, 22, 228, 1189"
88	"881, 1191, 904, 286, 898, 326, 886, 354, 261, 311"
89	"117, 813, 50, 127, 880, 936, 246, 235, 181, 1"
90	"607, 656, 57, 357, 603, 427, 632, 318, 611, 480"
91	"22, 64, 79, 69, 318, 97, 98, 357, 183, 174"
92	"98, 318, 12, 180, 64, 515, 56, 1142, 179, 474"
93	"477, 815, 275, 1, 235, 283, 14, 15, 845, 476"
94	"474, 654, 127, 100, 603, 179, 483, 657, 56, 525"
95	"496, 83, 64, 483, 207, 515, 657, 50, 199, 968"
96	"645, 1154, 183, 127, 1232, 89, 318, 423, 98, 100"
97	"96, 7, 228, 195, 663, 169, 670, 89, 429, 32"
98	"517, 428, 659, 514, 435, 116, 629, 47, 25, 194"
99	"11, 313, 64, 98, 12, 182, 79, 780, 651, 168"
100	"313, 691, 292, 690, 272, 1235, 302, 905, 750, 347"
101	"50, 181, 121, 742, 222, 763, 1, 125, 117, 257"
102	"50, 89, 316, 174, 172, 511, 127, 96, 181, 7"
103	"56, 126, 50, 255, 127, 181, 487, 96, 211, 250"
104	"50, 181, 127, 345, 313, 285, 237, 750, 283, 272"
105	"269, 272, 313, 302, 268, 258, 340, 288, 270, 347"
106	"318, 213, 64, 191, 582, 8, 313, 275, 194, 196"
107	"269, 902, 340, 302, 258, 327, 268, 305, 325, 312"
108	"124, 10, 14, 137, 100, 515, 718, 275, 319, 50"
109	"265, 174, 380, 82, 121, 161, 228, 229, 282, 755"
110	"313, 64, 22, 939, 161, 692, 402, 272, 794, 79"
111	"269, 258, 272, 286, 302, 315, 354, 304, 311, 333"
112	"286, 750, 272, 316, 313, 312, 887, 300, 303, 289"
113	"333, 1251, 979, 299, 976, 246, 874, 258, 126, 595"
114	"1104, 89, 522, 646, 135, 474, 100, 183, 172, 168"
115	"32, 654, 56, 89, 177, 952, 183, 228, 23, 48"
116	"127, 187, 56, 50, 900, 1142, 246, 180, 250, 511"
117	"12, 173, 50, 98, 174, 176, 156, 168, 11, 172"
118	"56, 641, 156, 223, 175, 475, 179, 7, 513, 100"
119	"1160, 1166, 316, 272, 1260, 1153, 87, 132, 315, 64"
120	"286, 25, 515, 258, 924, 15, 744, 50, 9, 127"
121	"124, 14, 57, 100, 165, 515, 50, 275, 318, 127"
122	"715, 464, 175, 212, 1113, 46, 1045, 86, 269, 469"
123	"14, 242, 285, 192, 483, 134, 127, 23, 197, 9"
124	"154, 195, 117, 168, 11, 616, 7, 166, 209, 98"
125	"174, 50, 172, 181, 496, 144, 22, 210, 69, 204"
126	"353, 884, 1175, 266, 681, 878, 337, 344, 751, 881"
127	"748, 227, 228, 62, 380, 294, 343, 901, 288, 450"
128	"838, 83, 483, 496, 432, 50, 487, 64, 485, 955"
129	"906, 269, 242, 286, 272, 1176, 302, 304, 311, 303"
130	"219, 313, 64, 1278, 272, 210, 11, 427, 143, 96"
131	"269, 14, 313, 285, 536, 302, 750, 242, 286, 276"
132	"664, 922, 56, 285, 127, 521, 137, 100, 175, 124"
133	"258, 750, 316, 315, 749, 346, 313, 269, 271, 272"
134	"328, 326, 313, 751, 748, 294, 300, 15, 1, 258"
135	"603, 98, 12, 203, 185, 653, 56, 23, 183, 258"
136	"137, 269, 124, 100, 14, 515, 318, 847, 9, 647"
137	"96, 195, 250, 50, 181, 385, 172, 174, 210, 117"
138	"603, 357, 519, 98, 318, 12, 56, 514, 187, 483"
139	"1233, 475, 302, 127, 100, 297, 286, 508, 744, 288"
140	"303, 286, 302, 268, 319, 289, 304, 880, 321, 301"
141	"282, 866, 974, 118, 333, 121, 125, 472, 300, 25"
142	"134, 268, 91, 169, 514, 176, 42, 315, 181, 7"
143	"333, 326, 347, 288, 325, 313, 271, 331, 328, 272"
144	"174, 50, 318, 963, 64, 172, 357, 423, 478, 194"
145	"195, 183, 50, 12, 174, 96, 89, 172, 56, 176"
146	"1293, 262, 336, 302, 1022, 272, 245, 315, 313, 1294"
147	"286, 904, 898, 750, 339, 301, 690, 292, 345, 302"
148	"169, 50, 408, 172, 509, 529, 181, 194, 174, 173"
149	"896, 272, 286, 313, 269, 305, 340, 302, 345, 303"
150	"475, 127, 276, 288, 246, 410, 268, 50, 123, 458"
151	"124, 408, 137, 1203, 490, 114, 483, 318, 529, 170"
152	"143, 692, 215, 720, 794, 739, 451, 274, 966, 125"
153	"64, 357, 56, 182, 258, 79, 127, 265, 568, 22"
154	"641, 187, 182, 135, 175, 474, 475, 357, 50, 238"
155	"306, 286, 321, 319, 292, 327, 990, 288, 872, 331"
156	"197, 178, 192, 661, 187, 480, 641, 180, 357, 510"
157	"340, 515, 50, 1016, 1302, 137, 269, 100, 293, 1"
158	"50, 408, 483, 127, 124, 174, 530, 516, 694, 172"
159	"451, 1190, 595, 1221, 117, 24, 685, 1095, 1132, 298"
160	"56, 192, 23, 182, 127, 185, 201, 160, 475, 32"
161	"272, 316, 56, 127, 276, 98, 286, 100, 14, 508"
162	"117, 1019, 742, 121, 298, 25, 28, 11, 79, 294"
163	"316, 357, 98, 272, 318, 64, 56, 258, 97, 28"
164	"689, 282, 258, 245, 313, 148, 300, 307, 471, 222"
165	"169, 318, 372, 223, 651, 432, 174, 222, 419, 270"
166	"313, 984, 300, 322, 328, 347, 323, 894, 258, 343"
167	"1306, 86, 1125, 133, 318, 1126, 381, 486, 216, 641"
168	"274, 125, 181, 1197, 1, 313, 15, 280, 257, 121"
169	"300, 606, 879, 213, 538, 204, 174, 483, 258, 603"
170	"300, 292, 984, 245, 322, 328, 749, 326, 333, 323"
171	"258, 887, 302, 272, 292, 303, 269, 346, 268, 313"
172	"463, 183, 428, 603, 124, 220, 177, 483, 612, 642"
173	"302, 242, 269, 305, 258, 306, 690, 327, 995, 292"
174	"660, 724, 65, 953, 98, 269, 1221, 100, 402, 662"
175	"496, 215, 64, 483, 98, 133, 187, 419, 193, 172"
176	"345, 285, 347, 324, 305, 475, 272, 93, 1097, 458"
177	"56, 182, 127, 156, 475, 179, 42, 654, 23, 12"
178	"174, 64, 22, 172, 50, 318, 210, 173, 144, 265"
179	"895, 914, 333, 682, 272, 916, 288, 258, 313, 316"
180	"694, 1131, 156, 98, 961, 372, 735, 733, 53, 258"
181	"1164, 282, 975, 125, 866, 924, 121, 875, 974, 237"
182	"423, 172, 50, 69, 181, 596, 178, 479, 126, 123"
183	"483, 485, 177, 55, 331, 274, 228, 739, 202, 216"
184	"1398, 483, 488, 1137, 134, 606, 213, 285, 318, 197"
185	"423, 285, 197, 86, 269, 638, 216, 275, 178, 318"
186	"332, 79, 829, 684, 470, 925, 291, 71, 322, 566"
187	"116, 707, 83, 64, 65, 694, 659, 427, 191, 660"
188	"64, 98, 632, 318, 392, 216, 470, 22, 692, 97"
189	"705, 134, 582, 197, 131, 479, 483, 136, 1404, 603"
190	"313, 272, 333, 300, 354, 237, 258, 282, 544, 117"
191	"272, 315, 316, 286, 86, 900, 313, 302, 750, 340"
192	"1405, 9, 302, 127, 50, 100, 515, 269, 340, 1137"
193	"485, 487, 194, 269, 286, 274, 435, 465, 174, 199"
194	"127, 837, 192, 64, 98, 187, 520, 516, 12, 515"
195	"313, 496, 132, 651, 143, 127, 213, 234, 134, 500"
196	"8, 238, 285, 692, 655, 67, 663, 340, 306, 94"
197	"174, 511, 22, 50, 82, 187, 172, 79, 651, 230"
198	"1142, 127, 135, 50, 511, 187, 357, 183, 89, 474"
199	"286, 408, 116, 475, 100, 14, 221, 242, 9, 269"
200	"96, 318, 313, 195, 210, 174, 50, 22, 79, 204"
201	"1174, 1131, 192, 180, 23, 179, 185, 127, 324, 187"
202	"516, 604, 1, 96, 195, 269, 484, 423, 242, 172"
203	"50, 181, 151, 248, 1, 250, 332, 288, 471, 150"
204	"340, 242, 1296, 292, 318, 9, 1022, 45, 302, 191"
205	"258, 316, 269, 313, 268, 242, 300, 289, 315, 326"
206	"895, 272, 288, 269, 346, 315, 682, 302, 896, 1127"
207	"1242, 143, 313, 423, 318, 483, 133, 216, 64, 69"
208	"371, 663, 194, 88, 97, 197, 202, 216, 204, 66"
209	"50, 251, 181, 285, 321, 813, 1, 127, 766, 1137"
210	"50, 127, 174, 187, 172, 208, 134, 527, 483, 56"
211	"199, 215, 64, 705, 520, 205, 528, 526, 257, 303"
212	"87, 382, 527, 528, 246, 631, 199, 268, 735, 197"
213	"502, 64, 1012, 173, 42, 603, 478, 11, 12, 197"
214	"1065, 650, 114, 179, 324, 408, 169, 154, 168, 603"
215	"50, 87, 174, 432, 172, 1063, 208, 168, 523, 181"
216	"11, 98, 64, 42, 318, 56, 357, 182, 12, 475"
217	"231, 679, 195, 185, 79, 96, 578, 233, 685, 665"
218	"1073, 657, 516, 603, 98, 12, 154, 466, 100, 55"
219	"269, 114, 616, 179, 433, 223, 303, 855, 631, 664"
220	"286, 269, 300, 288, 303, 306, 298, 289, 294, 340"
221	"56, 42, 173, 156, 92, 1098, 246, 12, 475, 50"
222	"64, 246, 22, 174, 228, 98, 127, 172, 89, 12"
223	"313, 22, 71, 28, 117, 237, 69, 969, 257, 121"
224	"392, 378, 215, 22, 318, 69, 313, 423, 402, 468"
225	"480, 172, 136, 606, 1203, 478, 603, 64, 427, 98"
226	"169, 89, 258, 203, 98, 12, 408, 14, 7, 242"
227	"285, 137, 93, 127, 14, 319, 13, 100, 9, 295"
228	"286, 812, 313, 272, 690, 288, 427, 651, 98, 275"
229	"344, 898, 286, 340, 311, 349, 269, 896, 882, 302"
230	"969, 963, 64, 496, 143, 739, 265, 196, 71, 216"
231	"924, 748, 126, 121, 471, 846, 252, 300, 289, 181"
232	"276, 483, 50, 48, 705, 132, 91, 56, 474, 493"
233	"1194, 57, 318, 506, 64, 735, 197, 212, 603, 196"
234	"1463, 1121, 483, 606, 1203, 427, 488, 136, 318, 659"
235	"705, 483, 285, 197, 522, 511, 474, 1176, 603, 50"
236	"286, 313, 750, 57, 69, 318, 496, 216, 143, 304"
237	"408, 100, 1192, 474, 169, 513, 528, 483, 525, 127"
238	"298, 538, 286, 255, 300, 471, 258, 301, 458, 111"
239	"512, 663, 124, 1099, 137, 647, 654, 474, 1070, 276"
240	"272, 242, 895, 286, 302, 269, 313, 340, 301, 898"
241	"880, 313, 268, 286, 300, 750, 887, 288, 310, 302"
242	"1152, 740, 1137, 1357, 275, 306, 361, 331, 1355, 305"
243	"582, 1281, 514, 221, 285, 8, 632, 10, 191, 318"
244	"276, 246, 1467, 56, 475, 42, 197, 268, 64, 537"
245	"1033, 258, 112, 300, 1028, 717, 50, 181, 21, 1047"
246	"475, 652, 198, 12, 100, 223, 178, 98, 56, 83"
247	"64, 111, 50, 1, 28, 736, 70, 251, 181, 151"
248	"156, 854, 475, 11, 176, 198, 186, 183, 114, 168"
249	"223, 100, 56, 12, 408, 98, 169, 64, 302, 114"
250	"64, 191, 98, 357, 480, 1426, 1137, 582, 474, 196"
251	"480, 612, 313, 427, 520, 50, 185, 151, 64, 132"
252	"100, 475, 149, 9, 275, 410, 286, 268, 276, 1"
253	"318, 496, 483, 966, 485, 50, 64, 190, 22, 132"
254	"69, 22, 174, 423, 230, 50, 82, 496, 172, 429"
255	"249, 56, 185, 288, 219, 763, 833, 872, 98, 100"
256	"64, 15, 925, 22, 657, 50, 283, 742, 174, 117"
257	"60, 1137, 1129, 14, 1462, 100, 285, 57, 61, 59"
258	"748, 300, 332, 690, 313, 751, 328, 272, 286, 873"
259	"172, 12, 180, 357, 168, 179, 475, 181, 313, 185"
260	"990, 891, 882, 270, 1243, 362, 1025, 1105, 313, 322"
261	"1025, 892, 410, 339, 359, 322, 597, 875, 340, 300"
262	"923, 709, 318, 1278, 650, 64, 582, 699, 427, 735"
263	"511, 496, 318, 498, 1473, 357, 416, 1126, 495, 483"
264	"478, 208, 56, 182, 201, 184, 659, 654, 430, 168"
265	"117, 282, 300, 273, 298, 591, 288, 125, 258, 742"
266	"285, 100, 124, 275, 286, 9, 14, 268, 272, 283"
267	"56, 127, 12, 114, 64, 654, 98, 169, 182, 187"
268	"114, 525, 408, 474, 483, 89, 178, 134, 12, 652"
269	"512, 474, 475, 285, 856, 1103, 922, 488, 537, 654"
270	"217, 60, 251, 98, 707, 268, 694, 86, 531, 421"
271	"357, 963, 127, 511, 187, 69, 170, 135, 192, 98"
272	"200, 127, 134, 357, 514, 56, 183, 187, 178, 175"
273	"319, 305, 902, 272, 896, 316, 268, 311, 315, 340"
274	"318, 98, 50, 100, 478, 275, 208, 9, 496, 211"
275	"96, 174, 50, 210, 181, 22, 520, 144, 228, 176"
276	"56, 180, 127, 182, 185, 12, 50, 603, 23, 357"
277	"286, 302, 273, 591, 15, 237, 844, 742, 9, 508"
278	"286, 306, 173, 525, 752, 515, 313, 603, 288, 923"
279	"502, 455, 862, 184, 1206, 152, 1491, 1500, 114, 169"
280	"1466, 126, 1313, 316, 663, 1066, 925, 315, 1099, 1221"
281	"304, 690, 300, 538, 748, 332, 877, 271, 259, 322"
282	"258, 302, 294, 262, 269, 319, 327, 340, 288, 268"
283	"50, 173, 208, 168, 194, 433, 210, 709, 1114, 91"
284	"315, 272, 302, 347, 268, 313, 306, 900, 262, 346"
285	"313, 150, 168, 288, 302, 276, 455, 151, 205, 346"
286	"272, 316, 1038, 315, 707, 884, 394, 251, 1286, 1105"
287	"64, 98, 50, 313, 100, 156, 168, 117, 11, 257"
288	"272, 216, 1358, 127, 197, 318, 69, 427, 178, 64"
289	"117, 147, 24, 1016, 455, 849, 222, 742, 7, 471"
290	"174, 50, 172, 69, 181, 143, 423, 692, 88, 71"
291	"64, 56, 223, 12, 98, 741, 100, 421, 50, 129"
292	"64, 127, 603, 657, 98, 56, 197, 654, 173, 320"
293	"192, 483, 127, 474, 357, 657, 653, 180, 603, 513"
294	"483, 313, 127, 603, 520, 515, 50, 475, 79, 288"
295	"190, 318, 83, 483, 196, 173, 213, 98, 427, 421"
296	"357, 427, 483, 480, 98, 1142, 498, 191, 515, 127"
297	"272, 515, 269, 86, 223, 100, 98, 302, 475, 286"
298	"50, 174, 172, 318, 483, 496, 178, 181, 132, 22"
299	"114, 408, 512, 603, 190, 483, 134, 515, 641, 1005"
300	"1094, 881, 872, 876, 300, 833, 257, 409, 328, 948"
301	"50, 96, 195, 174, 184, 172, 181, 144, 210, 186"
302	"307, 271, 301, 358, 333, 258, 328, 289, 303, 879"
303	"127, 187, 56, 357, 483, 182, 185, 654, 23, 1142"
304	"313, 237, 300, 298, 310, 328, 274, 288, 763, 278"
305	"408, 793, 1286, 251, 171, 165, 169, 923, 207, 530"
306	"116, 269, 1251, 14, 242, 19, 285, 100, 306, 744"
307	"169, 408, 114, 189, 50, 168, 580, 173, 89, 463"
308	"962, 56, 1169, 127, 187, 134, 646, 169, 654, 50"
309	"326, 258, 1025, 331, 690, 879, 334, 319, 242, 938"
310	"116, 251, 1142, 50, 1022, 14, 275, 304, 181, 536"
311	"592, 174, 50, 96, 172, 22, 64, 181, 69, 318"
312	"589, 488, 543, 57, 648, 604, 813, 483, 511, 557"
313	"661, 50, 511, 127, 430, 180, 480, 195, 483, 185"
314	"69, 22, 496, 161, 143, 318, 64, 588, 15, 71"
315	"285, 513, 709, 178, 137, 100, 654, 741, 127, 302"
316	"19, 735, 463, 213, 582, 427, 549, 1039, 707, 318"
317	"313, 350, 748, 260, 288, 355, 299, 300, 264, 322"
318	"1160, 318, 697, 64, 213, 735, 196, 216, 485, 197"
319	"333, 313, 307, 268, 267, 879, 302, 332, 750, 346"
320	"11, 470, 68, 431, 117, 774, 156, 51, 79, 195"
321	"483, 615, 657, 131, 19, 513, 659, 474, 603, 1194"
322	"192, 185, 197, 654, 23, 603, 182, 157, 483, 179"
323	"64, 127, 98, 180, 11, 199, 651, 144, 203, 56"
324	"298, 258, 248, 276, 508, 1094, 288, 846, 255, 475"
325	"1203, 474, 835, 114, 134, 647, 514, 483, 175, 511"
326	"519, 318, 199, 205, 484, 525, 429, 22, 496, 483"
327	"285, 497, 178, 131, 960, 132, 23, 197, 507, 482"
328	"318, 22, 64, 272, 316, 69, 313, 98, 515, 50"
329	"124, 100, 127, 515, 98, 272, 137, 483, 169, 297"
330	"143, 126, 64, 318, 963, 1044, 692, 451, 216, 699"
331	"59, 1296, 305, 958, 269, 302, 947, 160, 223, 180"
332	"11, 313, 96, 1218, 64, 144, 79, 195, 431, 210"
333	"174, 88, 66, 435, 316, 748, 739, 153, 483, 315"
334	"408, 169, 474, 124, 59, 89, 525, 515, 12, 100"
335	"902, 340, 347, 300, 307, 269, 271, 313, 328, 305"
336	"56, 42, 273, 1012, 173, 50, 186, 763, 100, 1017"
337	"392, 515, 125, 520, 127, 135, 228, 15, 742, 222"
338	"511, 135, 100, 708, 474, 408, 170, 479, 650, 513"
339	"474, 134, 127, 56, 589, 654, 179, 483, 603, 100"
340	"378, 15, 143, 418, 588, 969, 265, 215, 71, 520"
341	"887, 880, 330, 299, 1025, 881, 292, 872, 895, 1527"
342	"488, 23, 1368, 56, 134, 131, 483, 208, 149, 507"
343	"23, 654, 134, 127, 474, 179, 483, 56, 180, 357"
344	"408, 119, 647, 285, 169, 175, 511, 1142, 479, 896"
345	"318, 64, 170, 48, 124, 269, 50, 285, 197, 12"
346	"50, 172, 174, 181, 96, 22, 195, 89, 250, 173"
347	"11, 144, 182, 763, 180, 79, 22, 177, 192, 203"
348	"313, 126, 1061, 928, 117, 742, 118, 121, 7, 1028"
349	"10, 20, 285, 9, 458, 475, 100, 459, 284, 713"
350	"483, 23, 132, 604, 480, 136, 185, 133, 603, 127"
351	"990, 750, 898, 328, 879, 313, 300, 289, 989, 754"
352	"56, 183, 182, 129, 98, 79, 39, 195, 234, 50"
353	"272, 258, 316, 286, 313, 750, 332, 346, 905, 315"
354	"896, 251, 19, 694, 1466, 116, 60, 344, 20, 221"
355	"310, 1175, 307, 319, 242, 288, 286, 300, 872, 328"
356	"316, 333, 272, 689, 313, 307, 326, 315, 258, 1294"
357	"117, 742, 1, 121, 304, 270, 273, 222, 258, 126"
358	"582, 1524, 1159, 1021, 863, 213, 1006, 318, 512, 59"
359	"408, 50, 313, 181, 7, 1, 270, 286, 751, 117"
360	"357, 515, 197, 100, 127, 474, 654, 269, 483, 479"
361	"197, 705, 498, 178, 285, 603, 514, 213, 513, 185"
362	"313, 350, 689, 288, 879, 302, 332, 300, 347, 312"
363	"919, 169, 128, 408, 1495, 189, 114, 171, 429, 154"
364	"690, 1048, 286, 302, 269, 268, 294, 288, 990, 325"
365	"1137, 813, 340, 285, 272, 275, 100, 315, 268, 316"
366	"448, 853, 56, 185, 98, 854, 200, 53, 217, 561"
367	"302, 56, 50, 184, 179, 379, 98, 100, 185, 183"
368	"201, 184, 313, 320, 50, 183, 127, 56, 774, 98"
369	"50, 172, 268, 316, 196, 181, 166, 114, 168, 752"
370	"57, 607, 835, 443, 603, 98, 480, 427, 650, 511"
371	"64, 265, 174, 22, 69, 79, 98, 176, 127, 97"
372	"98, 219, 286, 1090, 447, 200, 185, 218, 561, 79"
373	"169, 166, 189, 114, 173, 83, 64, 50, 694, 746"
374	"692, 161, 69, 466, 265, 82, 174, 64, 79, 192"
375	"183, 234, 176, 603, 185, 525, 233, 684, 443, 566"
376	"269, 198, 603, 223, 427, 100, 275, 98, 14, 707"
377	"173, 313, 98, 168, 194, 272, 258, 56, 234, 154"
378	"318, 496, 64, 50, 132, 272, 191, 313, 143, 485"
379	"197, 603, 178, 357, 427, 64, 705, 50, 127, 511"
380	"923, 483, 318, 170, 515, 750, 59, 496, 61, 1449"
381	"134, 514, 483, 705, 175, 178, 509, 212, 493, 479"
382	"180, 1268, 23, 334, 1229, 481, 235, 59, 482, 9"
383	"197, 357, 427, 603, 185, 479, 488, 483, 480, 180"
384	"316, 272, 313, 302, 347, 258, 289, 286, 989, 879"
385	"656, 851, 1499, 1536, 1154, 1158, 1367, 1524, 865, 1129"
386	"840, 515, 127, 117, 825, 222, 50, 685, 281, 7"
387	"156, 179, 192, 1199, 127, 919, 56, 641, 854, 89"
388	"313, 333, 300, 219, 117, 298, 680, 218, 742, 5"
389	"1203, 483, 488, 134, 474, 285, 661, 178, 484, 136"
390	"989, 124, 181, 300, 275, 126, 258, 319, 283, 515"
391	"127, 474, 357, 100, 483, 180, 98, 511, 318, 603"
392	"170, 127, 663, 197, 50, 1142, 98, 174, 511, 178"
393	"1446, 1169, 313, 394, 1016, 210, 96, 117, 318, 22"
394	"50, 173, 12, 174, 172, 98, 979, 89, 56, 313"
395	"89, 318, 174, 50, 172, 98, 100, 423, 97, 378"
396	"121, 282, 117, 222, 118, 125, 472, 742, 328, 274"
397	"192, 50, 127, 483, 641, 134, 357, 197, 182, 172"
398	"1450, 496, 50, 174, 69, 423, 483, 172, 132, 498"
399	"817, 1396, 459, 320, 91, 143, 302, 318, 531, 806"
400	"313, 321, 258, 288, 304, 895, 300, 286, 269, 301"
401	"371, 735, 318, 582, 286, 97, 610, 553, 196, 64"
402	"50, 483, 127, 181, 275, 515, 1, 12, 408, 48"
403	"50, 129, 258, 127, 117, 181, 515, 291, 1, 237"
404	"313, 22, 748, 332, 259, 270, 66, 300, 294, 302"
405	"575, 143, 215, 234, 842, 1218, 501, 378, 404, 1554"
406	"701, 127, 56, 183, 187, 98, 89, 357, 645, 589"
407	"50, 483, 169, 127, 313, 408, 316, 657, 56, 174"
408	"327, 319, 302, 748, 324, 315, 272, 270, 258, 313"
409	"647, 1558, 1512, 1449, 511, 489, 474, 135, 923, 179"
410	"313, 272, 269, 690, 300, 316, 538, 286, 905, 315"
411	"50, 174, 172, 194, 168, 318, 485, 8, 208, 1"
412	"96, 169, 174, 195, 318, 634, 7, 64, 172, 56"
413	"50, 275, 124, 303, 306, 283, 286, 181, 297, 515"
414	"272, 100, 302, 313, 346, 11, 258, 288, 433, 340"
415	"174, 195, 1524, 531, 483, 180, 185, 480, 432, 56"
416	"64, 318, 313, 98, 22, 272, 427, 651, 520, 496"
417	"64, 173, 12, 83, 169, 515, 98, 50, 174, 223"
418	"899, 288, 333, 258, 269, 304, 895, 313, 300, 331"
419	"604, 615, 50, 705, 478, 269, 191, 306, 174, 197"
420	"14, 127, 100, 513, 603, 286, 753, 251, 124, 86"
421	"183, 516, 127, 185, 50, 12, 89, 187, 79, 174"
422	"558, 200, 185, 98, 127, 1017, 515, 100, 475, 219"
423	"272, 127, 316, 100, 9, 887, 315, 269, 344, 286"
424	"740, 990, 1084, 286, 275, 258, 323, 690, 508, 9"
425	"89, 156, 675, 168, 56, 183, 12, 853, 679, 177"
426	"488, 483, 480, 606, 136, 525, 661, 427, 484, 474"
427	"989, 990, 937, 1265, 874, 1296, 881, 334, 680, 263"
428	"313, 272, 316, 269, 315, 302, 750, 879, 300, 754"
429	"114, 483, 199, 178, 12, 318, 64, 166, 603, 173"
430	"318, 1347, 515, 528, 64, 221, 98, 286, 302, 19"
431	"300, 748, 538, 294, 754, 328, 303, 690, 879, 286"
432	"763, 313, 237, 742, 282, 151, 288, 50, 15, 1016"
433	"60, 269, 137, 919, 276, 59, 50, 302, 1005, 173"
434	"763, 1152, 111, 974, 975, 237, 274, 1197, 288, 411"
435	"1268, 173, 12, 190, 42, 89, 169, 50, 649, 199"
436	"1468, 11, 787, 433, 941, 658, 273, 746, 762, 219"
437	"705, 143, 132, 497, 1153, 1599, 482, 1121, 137, 419"
438	"866, 282, 237, 50, 15, 100, 280, 1, 121, 476"
439	"1600, 14, 242, 285, 237, 100, 300, 93, 276, 1328"
440	"923, 883, 1194, 1038, 904, 350, 361, 1591, 515, 1191"
441	"1, 121, 342, 117, 7, 313, 100, 15, 282, 338"
442	"156, 56, 42, 182, 12, 177, 695, 11, 176, 228"
443	"294, 309, 313, 333, 340, 12, 258, 286, 269, 343"
444	"50, 306, 9, 313, 100, 251, 272, 515, 245, 906"
445	"959, 1591, 1143, 1129, 902, 313, 50, 209, 127, 480"
446	"292, 887, 302, 359, 754, 289, 270, 306, 334, 301"
447	"50, 96, 89, 56, 174, 963, 183, 181, 12, 135"
448	"896, 1022, 1062, 319, 321, 269, 262, 345, 292, 750"
449	"753, 59, 179, 558, 60, 1404, 1195, 639, 475, 1073"
450	"318, 64, 1172, 272, 313, 967, 98, 607, 427, 603"
451	"333, 260, 331, 326, 327, 288, 873, 294, 324, 270"
452	"1427, 863, 607, 947, 318, 199, 603, 64, 684, 660"
453	"42, 56, 246, 50, 156, 12, 475, 693, 963, 172"
454	"313, 1063, 69, 50, 174, 279, 22, 588, 181, 96"
455	"64, 318, 98, 1160, 12, 174, 694, 511, 50, 127"
456	"127, 56, 100, 603, 98, 179, 197, 357, 421, 12"
457	"318, 357, 64, 98, 12, 127, 190, 483, 169, 89"
458	"408, 169, 980, 189, 896, 474, 513, 302, 285, 663"
459	"181, 50, 174, 172, 22, 121, 300, 989, 328, 222"
460	"20, 221, 14, 242, 137, 515, 9, 100, 19, 124"
461	"1006, 9, 285, 347, 304, 327, 302, 321, 258, 269"
462	"313, 866, 237, 22, 300, 272, 655, 136, 682, 11"
463	"311, 253, 100, 286, 242, 306, 124, 887, 302, 127"
464	"269, 258, 302, 603, 127, 12, 515, 295, 479, 50"
465	"134, 190, 408, 175, 114, 7, 50, 8, 132, 169"
466	"1176, 344, 1607, 899, 909, 173, 306, 995, 11, 313"
467	"50, 475, 127, 246, 1142, 109, 268, 124, 276, 100"
468	"50, 127, 357, 132, 427, 174, 178, 603, 285, 172"
469	"483, 1558, 923, 582, 603, 490, 705, 607, 134, 484"
470	"50, 305, 288, 824, 285, 1134, 1067, 276, 475, 150"
471	"932, 465, 102, 477, 393, 225, 422, 8, 94, 82"
472	"96, 33, 7, 578, 195, 746, 56, 72, 228, 12"
473	"1142, 246, 127, 475, 124, 303, 14, 275, 150, 268"
474	"357, 127, 1063, 64, 963, 98, 511, 318, 135, 12"
475	"902, 347, 315, 100, 316, 50, 327, 127, 259, 306"
476	"173, 83, 186, 710, 42, 211, 168, 194, 239, 56"
477	"25, 709, 111, 289, 451, 815, 15, 275, 88, 846"
478	"26, 340, 427, 64, 496, 318, 518, 151, 98, 178"
479	"1142, 50, 173, 172, 174, 169, 89, 127, 228, 135"
480	"511, 169, 479, 89, 190, 114, 166, 165, 1007, 603"
481	"50, 190, 648, 100, 524, 318, 181, 98, 498, 173"
482	"313, 50, 328, 315, 257, 245, 258, 748, 286, 127"
483	"50, 181, 274, 173, 1, 275, 380, 257, 109, 228"
484	"174, 50, 172, 228, 181, 22, 82, 96, 204, 423"
485	"889, 302, 242, 313, 269, 341, 346, 319, 303, 311"
486	"1405, 127, 1598, 1137, 246, 100, 1129, 1142, 251, 268"
487	"64, 22, 174, 318, 12, 173, 265, 50, 1410, 144"
488	"22, 174, 50, 265, 64, 172, 318, 79, 69, 181"
489	"313, 1293, 326, 360, 1612, 322, 328, 272, 331, 752"
490	"741, 127, 547, 1128, 109, 455, 1386, 919, 475, 50"
491	"408, 513, 657, 12, 45, 190, 124, 340, 900, 273"
492	"127, 100, 511, 56, 521, 923, 242, 474, 187, 124"
493	"174, 50, 173, 172, 12, 265, 79, 186, 210, 318"
494	"64, 98, 663, 237, 127, 174, 191, 50, 427, 199"
495	"195, 470, 183, 79, 378, 147, 1245, 1039, 50, 188"
496	"921, 532, 206, 774, 68, 109, 39, 246, 10, 87"
497	"169, 173, 12, 50, 89, 1240, 87, 172, 174, 68"
498	"179, 160, 156, 922, 56, 175, 180, 89, 127, 1070"
499	"251, 902, 887, 318, 1302, 272, 750, 647, 275, 511"
500	"1160, 56, 246, 13, 268, 276, 175, 89, 179, 517"
501	"1097, 475, 741, 127, 276, 150, 313, 24, 248, 1007"
502	"333, 343, 271, 895, 342, 687, 288, 307, 338, 358"
503	"900, 488, 633, 485, 313, 432, 132, 133, 134, 318"
504	"318, 51, 98, 223, 735, 307, 454, 196, 258, 742"
505	"604, 133, 496, 378, 190, 313, 742, 22, 328, 300"
506	"174, 494, 79, 172, 50, 228, 69, 177, 205, 496"
507	"313, 328, 222, 879, 50, 181, 678, 300, 345, 597"
508	"474, 132, 511, 524, 514, 208, 23, 357, 50, 423"
509	"603, 50, 302, 288, 705, 181, 271, 258, 751, 268"
510	"313, 300, 333, 326, 245, 292, 258, 288, 322, 294"
511	"313, 880, 872, 346, 292, 300, 333, 887, 340, 271"
512	"50, 273, 318, 183, 11, 56, 527, 191, 286, 198"
513	"210, 50, 121, 265, 472, 739, 222, 181, 252, 685"
514	"64, 173, 169, 421, 114, 12, 50, 48, 174, 318"
515	"313, 288, 900, 1399, 302, 682, 259, 538, 258, 315"
516	"902, 169, 660, 286, 212, 582, 310, 50, 474, 191"
517	"1177, 300, 761, 127, 748, 50, 258, 283, 369, 275"
518	"919, 106, 280, 125, 117, 866, 121, 25, 370, 129"
519	"1062, 909, 878, 1591, 1293, 908, 680, 346, 874, 1617"
520	"286, 690, 242, 898, 315, 289, 269, 300, 283, 302"
521	"173, 12, 89, 50, 168, 42, 520, 172, 431, 206"
522	"179, 180, 100, 23, 654, 12, 192, 430, 135, 523"
523	"83, 8, 451, 50, 1472, 210, 208, 531, 166, 95"
524	"6, 212, 1421, 89, 1166, 135, 127, 1093, 60, 700"
525	"127, 100, 181, 237, 1, 276, 1315, 282, 151, 124"
526	"936, 285, 1084, 408, 269, 302, 315, 475, 346, 276"
527	"661, 634, 511, 134, 135, 177, 646, 180, 23, 357"
528	"173, 239, 174, 202, 50, 168, 83, 657, 31, 181"
529	"886, 268, 310, 307, 333, 300, 271, 258, 270, 328"
530	"607, 178, 64, 275, 483, 98, 191, 1136, 196, 582"
531	"690, 245, 286, 990, 898, 312, 311, 332, 313, 300"
532	"318, 313, 427, 520, 79, 272, 191, 143, 22, 210"
533	"292, 496, 318, 660, 22, 174, 423, 50, 69, 169"
534	"117, 455, 1028, 24, 147, 333, 288, 240, 3, 121"
535	"836, 607, 132, 507, 953, 8, 136, 632, 152, 419"
536	"318, 174, 199, 22, 496, 1063, 50, 1050, 408, 190"
537	"543, 134, 641, 474, 644, 488, 221, 192, 653, 127"
538	"496, 318, 22, 127, 98, 483, 69, 79, 199, 187"
539	"660, 132, 124, 956, 319, 242, 289, 59, 483, 19"
540	"100, 515, 7, 9, 50, 258, 508, 475, 269, 276"
541	"378, 659, 427, 83, 651, 526, 79, 459, 174, 404"
542	"187, 192, 127, 23, 56, 47, 357, 180, 50, 427"
543	"1159, 318, 134, 272, 357, 603, 60, 694, 170, 64"
544	"292, 313, 286, 750, 302, 300, 304, 749, 346, 328"
545	"968, 50, 195, 96, 174, 746, 117, 181, 520, 172"
546	"250, 271, 7, 50, 347, 181, 343, 222, 56, 109"
547	"316, 313, 345, 315, 302, 347, 333, 258, 303, 319"
548	"183, 176, 431, 79, 156, 203, 50, 12, 313, 31"
549	"50, 127, 515, 181, 258, 100, 1, 237, 282, 118"
550	"271, 313, 328, 222, 50, 288, 181, 257, 300, 538"
551	"11, 219, 924, 710, 640, 318, 64, 616, 273, 684"
552	"515, 126, 248, 258, 50, 100, 7, 127, 117, 15"
553	"98, 515, 589, 657, 603, 190, 1194, 480, 427, 191"
554	"318, 69, 22, 174, 79, 50, 132, 423, 526, 191"
555	"236, 244, 319, 7, 13, 25, 248, 285, 89, 50"
556	"481, 178, 132, 427, 604, 340, 127, 209, 496, 134"
557	"246, 532, 1176, 50, 127, 750, 337, 268, 96, 300"
558	"253, 9, 936, 19, 20, 285, 508, 100, 269, 116"
559	"318, 205, 863, 199, 519, 520, 902, 427, 513, 191"
560	"246, 813, 515, 134, 89, 653, 483, 12, 268, 50"
561	"1512, 1449, 1103, 179, 656, 652, 615, 474, 664, 1021"
562	"727, 143, 416, 485, 402, 318, 98, 88, 161, 427"
563	"692, 50, 153, 172, 210, 181, 257, 70, 781, 237"
564	"50, 313, 181, 289, 118, 292, 345, 300, 121, 127"
565	"190, 515, 179, 1018, 730, 83, 1396, 10, 855, 639"
566	"192, 1193, 856, 1065, 127, 98, 512, 100, 64, 1005"
567	"175, 1298, 641, 475, 179, 640, 32, 525, 56, 653"
568	"641, 1203, 488, 483, 653, 474, 615, 185, 427, 606"
569	"50, 124, 19, 283, 302, 151, 1, 14, 286, 100"
570	"305, 302, 303, 327, 340, 286, 271, 690, 748, 886"
571	"114, 124, 964, 45, 462, 657, 64, 484, 194, 1039"
572	"124, 301, 9, 14, 286, 319, 813, 289, 13, 476"
573	"178, 127, 134, 713, 519, 507, 657, 182, 478, 50"
574	"100, 1062, 268, 887, 316, 258, 242, 272, 750, 319"
575	"357, 603, 168, 79, 96, 173, 318, 427, 176, 98"
576	"280, 125, 204, 210, 70, 50, 7, 181, 257, 100"
577	"87, 660, 64, 117, 313, 265, 50, 174, 48, 102"
578	"313, 300, 1016, 751, 294, 288, 272, 222, 678, 298"
579	"173, 83, 202, 520, 603, 98, 194, 408, 528, 692"
580	"3, 250, 271, 181, 50, 249, 121, 252, 7, 282"
581	"127, 253, 1367, 1375, 100, 844, 922, 9, 285, 919"
582	"100, 93, 124, 7, 919, 293, 750, 268, 269, 508"
583	"357, 200, 524, 268, 175, 483, 708, 100, 513, 7"
584	"313, 50, 172, 181, 228, 82, 423, 109, 249, 230"
585	"1155, 1449, 1512, 1558, 1193, 509, 190, 275, 634, 170"
586	"3, 53, 241, 33, 161, 217, 117, 96, 928, 265"
587	"302, 340, 272, 269, 327, 315, 316, 313, 1625, 914"
588	"354, 1074, 313, 451, 645, 272, 1428, 433, 485, 143"
589	"313, 300, 259, 288, 682, 879, 538, 304, 873, 895"
590	"14, 137, 19, 285, 6, 276, 124, 676, 13, 221"
591	"1099, 603, 285, 86, 923, 286, 514, 191, 428, 357"
592	"192, 56, 654, 127, 1143, 182, 276, 197, 42, 187"
593	"69, 318, 272, 313, 241, 155, 98, 496, 83, 966"
594	"515, 100, 357, 127, 199, 483, 269, 242, 520, 744"
595	"127, 246, 268, 1134, 475, 100, 9, 50, 14, 922"
596	"313, 50, 300, 286, 181, 682, 222, 294, 328, 295"
597	"300, 748, 283, 15, 477, 50, 286, 298, 1, 235"
598	"750, 312, 22, 898, 258, 286, 313, 538, 748, 300"
599	"220, 846, 255, 294, 888, 1278, 282, 845, 873, 595"
600	"127, 187, 89, 183, 511, 515, 56, 22, 651, 174"
601	"179, 168, 382, 135, 12, 100, 483, 921, 479, 9"
602	"50, 181, 1, 257, 117, 127, 121, 300, 237, 259"
603	"313, 1240, 1483, 22, 183, 50, 222, 250, 7, 174"
604	"48, 670, 567, 164, 448, 637, 100, 234, 7, 558"
605	"357, 98, 318, 64, 100, 223, 127, 601, 12, 191"
606	"313, 64, 96, 178, 50, 98, 22, 963, 174, 127"
607	"180, 100, 474, 56, 511, 483, 855, 482, 211, 137"
608	"98, 185, 65, 357, 1262, 695, 1172, 127, 753, 197"
609	"287, 15, 285, 408, 304, 750, 877, 313, 125, 258"
610	"427, 378, 185, 318, 98, 606, 480, 51, 216, 607"
611	"306, 286, 272, 344, 315, 313, 302, 340, 690, 752"
612	"1063, 924, 15, 604, 300, 275, 117, 480, 476, 322"
613	"12, 530, 64, 50, 297, 89, 478, 318, 126, 603"
614	"235, 756, 126, 117, 9, 100, 276, 1, 293, 508"
615	"192, 197, 427, 48, 357, 127, 1021, 170, 262, 187"
616	"272, 313, 269, 750, 315, 302, 286, 316, 937, 300"
617	"74, 320, 179, 200, 607, 192, 488, 646, 1019, 675"
618	"313, 69, 22, 496, 318, 64, 526, 187, 127, 79"
619	"174, 79, 313, 82, 295, 22, 187, 144, 96, 568"
620	"121, 173, 742, 354, 1066, 294, 313, 174, 755, 181"
621	"173, 55, 273, 50, 172, 33, 721, 174, 176, 181"
622	"50, 169, 127, 12, 56, 174, 172, 199, 183, 64"
623	"483, 50, 659, 648, 194, 181, 275, 222, 603, 523"
624	"127, 272, 246, 316, 100, 50, 313, 268, 302, 276"
625	"169, 50, 408, 134, 195, 183, 484, 647, 135, 96"
626	"302, 286, 272, 923, 324, 327, 258, 268, 330, 288"
627	"89, 179, 183, 180, 12, 526, 205, 100, 318, 68"
628	"332, 302, 690, 333, 300, 938, 330, 361, 1025, 874"
629	"50, 174, 172, 64, 127, 187, 69, 22, 87, 423"
630	"117, 595, 272, 255, 300, 11, 298, 535, 288, 717"
631	"315, 346, 272, 886, 310, 313, 289, 301, 307, 294"
632	"480, 404, 483, 318, 174, 705, 99, 215, 144, 50"
633	"50, 96, 1046, 195, 143, 79, 172, 423, 28, 234"
634	"313, 272, 458, 127, 302, 744, 547, 315, 129, 741"
635	"302, 246, 268, 307, 269, 262, 333, 331, 327, 886"
636	"313, 813, 760, 272, 258, 222, 121, 118, 25, 106"
637	"1233, 690, 676, 1344, 408, 515, 15, 283, 744, 151"
638	"430, 144, 226, 50, 186, 210, 431, 168, 174, 22"
639	"1194, 165, 286, 835, 528, 694, 483, 1193, 306, 19"
640	"169, 174, 12, 168, 56, 195, 96, 134, 64, 357"
641	"305, 285, 23, 558, 497, 59, 134, 865, 30, 484"
642	"259, 21, 364, 181, 50, 1028, 542, 96, 173, 769"
643	"56, 127, 50, 187, 169, 23, 114, 432, 483, 481"
644	"597, 117, 50, 977, 298, 326, 121, 181, 322, 257"
645	"474, 60, 134, 641, 483, 654, 488, 513, 653, 23"
646	"313, 272, 1022, 1176, 750, 315, 751, 300, 347, 310"
647	"136, 174, 427, 79, 197, 705, 568, 196, 357, 173"
648	"50, 174, 172, 500, 181, 96, 228, 169, 195, 210"
649	"127, 147, 117, 50, 24, 471, 291, 1, 257, 15"
650	"50, 316, 483, 484, 430, 199, 134, 89, 315, 174"
651	"306, 269, 302, 285, 127, 515, 286, 276, 242, 327"
652	"699, 538, 96, 300, 282, 333, 275, 748, 879, 307"
653	"195, 50, 526, 22, 205, 313, 89, 181, 174, 172"
654	"114, 318, 496, 1016, 969, 22, 313, 174, 408, 83"
655	"1643, 1368, 1636, 1650, 1651, 1645, 1642, 913, 1131, 1585"
656	"896, 347, 344, 340, 302, 303, 270, 316, 750, 346"
657	"269, 286, 111, 340, 922, 744, 1009, 151, 294, 475"
658	"178, 318, 515, 50, 45, 98, 127, 603, 86, 182"
659	"1064, 611, 481, 607, 482, 136, 705, 197, 234, 502"
660	"430, 316, 50, 432, 483, 474, 207, 315, 434, 168"
661	"50, 169, 174, 408, 132, 172, 496, 480, 318, 423"
662	"6, 93, 100, 1381, 515, 285, 1511, 268, 13, 1342"
663	"313, 318, 64, 272, 11, 180, 98, 603, 127, 357"
664	"127, 192, 169, 50, 408, 12, 187, 483, 654, 134"
665	"313, 56, 65, 315, 127, 475, 248, 421, 298, 98"
666	"179, 1266, 855, 100, 656, 474, 603, 127, 647, 515"
667	"487, 269, 86, 192, 475, 427, 318, 124, 98, 272"
668	"475, 271, 367, 288, 354, 272, 302, 538, 50, 993"
669	"192, 357, 427, 483, 114, 603, 479, 657, 490, 480"
670	"705, 611, 419, 228, 480, 483, 511, 485, 96, 519"
671	"562, 50, 172, 96, 174, 181, 204, 553, 210, 385"
672	"25, 127, 874, 301, 1061, 275, 284, 515, 321, 476"
673	"344, 340, 313, 302, 896, 292, 12, 315, 528, 272"
674	"282, 125, 117, 313, 742, 121, 866, 127, 15, 222"
675	"896, 1653, 1628, 463, 306, 318, 344, 509, 427, 305"
676	"50, 181, 172, 174, 173, 114, 318, 483, 1, 22"
677	"288, 240, 117, 1240, 508, 222, 471, 129, 101, 307"
678	"276, 298, 7, 127, 147, 50, 117, 515, 181, 100"
679	"318, 483, 83, 64, 484, 357, 520, 286, 50, 168"
680	"408, 169, 50, 276, 285, 151, 150, 1, 269, 9"
681	"1394, 289, 898, 750, 690, 539, 1176, 286, 990, 292"
682	"1019, 64, 12, 246, 174, 173, 50, 183, 156, 96"
683	"132, 317, 513, 269, 511, 321, 127, 268, 302, 56"
684	"408, 710, 483, 50, 8, 210, 83, 181, 178, 172"
685	"302, 340, 882, 327, 289, 325, 288, 324, 269, 872"
686	"474, 170, 179, 127, 198, 185, 654, 56, 98, 12"
687	"313, 268, 321, 288, 749, 300, 319, 269, 286, 340"
688	"288, 879, 304, 339, 309, 682, 359, 349, 749, 329"
689	"50, 181, 109, 222, 748, 257, 250, 117, 300, 328"
690	"69, 64, 127, 237, 496, 174, 216, 98, 79, 186"
691	"64, 98, 1172, 318, 170, 185, 524, 603, 496, 79"
692	"56, 300, 208, 763, 204, 410, 127, 25, 1132, 411"
693	"632, 521, 673, 185, 234, 650, 197, 23, 697, 180"
694	"50, 174, 318, 483, 172, 1269, 511, 357, 132, 423"
695	"268, 1024, 358, 346, 319, 302, 991, 311, 903, 270"
696	"427, 311, 302, 9, 286, 124, 307, 523, 520, 178"
697	"129, 302, 150, 276, 124, 9, 127, 246, 268, 277"
698	"613, 709, 10, 190, 434, 181, 96, 50, 275, 173"
699	"10, 246, 268, 1328, 1187, 1163, 9, 127, 23, 475"
700	"50, 181, 174, 173, 318, 423, 96, 168, 28, 651"
701	"124, 285, 269, 315, 19, 50, 100, 316, 272, 275"
702	"228, 230, 222, 258, 313, 229, 751, 227, 300, 380"
703	"50, 181, 1012, 127, 237, 993, 121, 222, 118, 1"
704	"488, 344, 134, 135, 481, 661, 187, 131, 178, 180"
705	"623, 148, 300, 117, 1043, 255, 161, 22, 932, 121"
706	"125, 628, 1, 756, 25, 294, 50, 331, 742, 181"
707	"865, 1642, 1628, 718, 10, 251, 1174, 345, 1024, 116"
708	"313, 866, 237, 118, 300, 125, 740, 258, 127, 596"
709	"96, 219, 144, 174, 250, 182, 693, 22, 50, 172"
710	"134, 23, 197, 56, 654, 483, 603, 504, 357, 127"
711	"961, 137, 170, 408, 269, 923, 381, 116, 483, 660"
712	"692, 1036, 941, 716, 220, 553, 143, 739, 366, 66"
713	"344, 315, 1176, 272, 345, 347, 302, 313, 750, 286"
714	"250, 181, 118, 121, 50, 1016, 117, 300, 323, 748"
715	"64, 157, 318, 11, 144, 83, 12, 98, 182, 50"
716	"318, 483, 485, 496, 143, 64, 213, 131, 275, 427"
717	"269, 887, 126, 302, 888, 1137, 286, 287, 100, 313"
718	"300, 121, 222, 15, 751, 742, 597, 689, 282, 118"
719	"318, 220, 98, 185, 427, 64, 357, 660, 69, 79"
720	"1062, 311, 1176, 286, 896, 306, 268, 995, 906, 262"
721	"174, 204, 228, 50, 172, 82, 107, 181, 97, 423"
722	"333, 628, 508, 100, 151, 328, 121, 286, 845, 7"
723	"169, 258, 748, 50, 172, 174, 89, 189, 168, 1"
724	"333, 288, 313, 258, 272, 268, 343, 302, 895, 326"
725	"881, 286, 333, 19, 9, 100, 879, 258, 301, 328"
726	"833, 832, 1059, 1, 274, 25, 409, 310, 845, 355"
727	"50, 174, 173, 172, 114, 520, 169, 12, 199, 181"
728	"100, 508, 285, 471, 147, 15, 117, 287, 282, 742"
729	"354, 689, 748, 362, 310, 300, 333, 313, 322, 879"
730	"258, 100, 257, 269, 50, 125, 1, 276, 151, 181"
731	"97, 1503, 69, 170, 216, 213, 196, 64, 190, 462"
732	"286, 882, 332, 269, 304, 873, 690, 294, 322, 245"
733	"221, 20, 137, 285, 19, 124, 242, 9, 1067, 107"
734	"485, 496, 143, 318, 419, 22, 83, 213, 15, 99"
735	"515, 50, 275, 286, 124, 127, 100, 813, 181, 258"
736	"253, 1388, 515, 286, 296, 246, 532, 127, 993, 248"
737	"156, 127, 192, 100, 89, 475, 137, 12, 357, 169"
738	"50, 172, 174, 169, 228, 181, 96, 195, 199, 136"
739	"749, 301, 1431, 1429, 69, 195, 359, 97, 22, 96"
740	"286, 300, 302, 269, 242, 340, 289, 1038, 288, 294"
741	"496, 427, 357, 480, 98, 180, 178, 50, 479, 313"
742	"127, 14, 100, 124, 475, 508, 258, 237, 50, 1012"
743	"100, 311, 268, 297, 744, 258, 224, 269, 242, 9"
744	"657, 127, 963, 603, 276, 156, 483, 508, 9, 302"
745	"190, 258, 125, 519, 10, 169, 12, 492, 64, 515"
746	"50, 83, 184, 174, 144, 172, 385, 186, 181, 157"
747	"634, 192, 127, 187, 483, 185, 136, 23, 180, 357"
748	"50, 169, 89, 172, 56, 96, 174, 181, 173, 250"
749	"429, 174, 22, 199, 480, 50, 79, 64, 837, 526"
750	"331, 269, 258, 270, 306, 327, 294, 304, 286, 288"
751	"50, 173, 172, 87, 174, 1007, 483, 181, 194, 1"
752	"340, 327, 271, 302, 902, 306, 269, 346, 1463, 270"
753	"657, 427, 269, 483, 64, 173, 515, 199, 462, 484"
754	"477, 295, 276, 127, 9, 937, 15, 117, 293, 1197"
755	"690, 311, 937, 748, 258, 538, 286, 269, 245, 304"
756	"1149, 100, 22, 258, 117, 251, 432, 603, 50, 178"
757	"64, 173, 50, 89, 98, 515, 174, 168, 172, 96"
758	"168, 656, 1019, 430, 1159, 1022, 919, 50, 484, 199"
759	"220, 1016, 121, 117, 294, 748, 118, 742, 257, 181"
760	"365, 776, 845, 1037, 451, 604, 125, 1135, 111, 278"
761	"50, 181, 117, 291, 748, 148, 245, 237, 1157, 278"
762	"955, 173, 515, 875, 475, 302, 421, 237, 286, 709"
763	"59, 60, 1268, 961, 515, 100, 483, 510, 730, 127"
764	"318, 496, 22, 633, 69, 174, 64, 50, 132, 143"
765	"14, 522, 137, 286, 507, 127, 285, 42, 1009, 242"
766	"127, 89, 474, 134, 272, 50, 135, 648, 483, 183"
767	"524, 483, 1121, 432, 172, 659, 170, 100, 478, 1"
768	"127, 50, 313, 272, 100, 275, 65, 14, 70, 1"
769	"258, 111, 269, 13, 15, 237, 1, 476, 1011, 121"
770	"813, 246, 268, 100, 253, 258, 302, 25, 7, 275"
771	"477, 189, 71, 408, 588, 1129, 251, 169, 892, 496"
772	"315, 302, 258, 313, 272, 310, 321, 331, 326, 328"
773	"919, 1367, 169, 1529, 408, 171, 60, 1021, 170, 61"
774	"519, 177, 228, 525, 89, 175, 679, 199, 135, 168"
775	"344, 315, 272, 286, 750, 302, 269, 887, 313, 305"
776	"135, 89, 511, 187, 134, 50, 195, 174, 127, 7"
777	"204, 521, 522, 692, 818, 212, 652, 117, 180, 238"
778	"42, 11, 168, 154, 56, 195, 209, 180, 144, 157"
779	"50, 71, 181, 121, 117, 95, 1, 257, 258, 118"
780	"174, 172, 50, 22, 496, 423, 705, 511, 204, 318"
781	"50, 134, 474, 523, 172, 135, 483, 1500, 174, 187"
782	"313, 272, 1662, 316, 1664, 1278, 1391, 300, 1385, 332"
783	"271, 881, 299, 346, 880, 887, 307, 750, 288, 258"
784	"313, 272, 302, 315, 690, 327, 307, 332, 750, 269"
785	"50, 12, 174, 269, 183, 195, 22, 1, 56, 152"
786	"318, 496, 69, 50, 174, 98, 520, 127, 28, 357"
787	"313, 258, 300, 310, 750, 245, 351, 690, 319, 879"
788	"318, 64, 22, 589, 483, 98, 963, 69, 427, 498"
789	"127, 741, 129, 150, 50, 100, 276, 475, 1007, 248"
790	"1282, 246, 98, 56, 258, 173, 217, 42, 241, 174"
791	"50, 306, 302, 181, 300, 332, 275, 245, 9, 322"
792	"1015, 129, 276, 1, 1335, 844, 100, 237, 7, 762"
793	"50, 127, 181, 1142, 150, 273, 298, 100, 1, 257"
794	"285, 127, 100, 238, 187, 137, 936, 515, 269, 150"
795	"169, 175, 10, 168, 189, 50, 89, 173, 12, 433"
796	"174, 22, 1269, 50, 69, 313, 172, 181, 318, 96"
797	"50, 181, 781, 127, 257, 269, 259, 300, 298, 309"
798	"50, 181, 174, 588, 821, 210, 172, 71, 1446, 394"
799	"173, 479, 427, 258, 191, 654, 127, 286, 45, 1063"
800	"50, 292, 223, 15, 1, 181, 127, 222, 864, 275"
801	"313, 333, 302, 288, 300, 752, 328, 332, 326, 271"
802	"333, 326, 176, 219, 7, 183, 670, 258, 678, 646"
803	"242, 269, 887, 340, 305, 311, 306, 286, 303, 307"
804	"50, 174, 195, 199, 172, 429, 96, 181, 168, 228"
805	"1065, 175, 1629, 179, 32, 664, 922, 558, 522, 645"
806	"50, 483, 169, 174, 172, 408, 127, 187, 654, 705"
807	"313, 1138, 96, 143, 318, 210, 300, 50, 22, 174"
808	"302, 313, 262, 750, 340, 294, 270, 286, 346, 264"
809	"302, 272, 315, 307, 313, 286, 299, 258, 340, 333"
810	"313, 342, 269, 289, 301, 328, 339, 902, 321, 300"
811	"895, 690, 304, 315, 300, 307, 286, 678, 301, 294"
812	"300, 748, 294, 333, 873, 288, 328, 332, 678, 326"
813	"750, 310, 751, 300, 307, 326, 270, 9, 690, 893"
814	"53, 219, 98, 7, 100, 665, 56, 565, 288, 200"
815	"87, 50, 496, 174, 172, 969, 837, 28, 483, 660"
816	"309, 326, 313, 331, 328, 349, 300, 294, 264, 343"
817	"273, 327, 7, 288, 117, 129, 258, 24, 455, 876"
818	"302, 313, 346, 316, 303, 751, 271, 258, 288, 887"
819	"340, 315, 1537, 302, 346, 286, 248, 327, 345, 304"
820	"288, 302, 333, 313, 258, 286, 347, 343, 315, 324"
821	"705, 318, 132, 483, 427, 213, 389, 1060, 64, 174"
822	"408, 169, 189, 111, 902, 1, 1110, 272, 95, 71"
823	"127, 197, 187, 64, 56, 170, 98, 654, 48, 134"
824	"325, 288, 259, 991, 322, 268, 292, 304, 321, 245"
825	"195, 174, 50, 181, 222, 385, 986, 121, 117, 118"
826	"96, 1240, 89, 50, 101, 183, 174, 195, 313, 127"
827	"269, 272, 302, 301, 316, 258, 332, 347, 313, 294"
828	"958, 61, 902, 269, 340, 59, 512, 224, 1646, 921"
829	"192, 427, 318, 705, 515, 190, 100, 1193, 213, 408"
830	"648, 22, 498, 484, 487, 205, 173, 837, 613, 511"
831	"144, 174, 197, 64, 204, 603, 96, 50, 479, 22"
832	"313, 307, 328, 748, 326, 50, 264, 258, 181, 286"
833	"320, 1597, 179, 589, 671, 180, 1019, 616, 324, 1187"
834	"313, 515, 272, 127, 50, 100, 333, 316, 288, 117"
835	"318, 632, 735, 97, 606, 357, 427, 488, 197, 98"
836	"663, 192, 357, 429, 12, 170, 603, 657, 185, 654"
837	"275, 1009, 740, 19, 274, 283, 286, 181, 845, 289"
838	"718, 318, 114, 497, 190, 408, 173, 50, 134, 169"
839	"1085, 50, 475, 129, 127, 285, 286, 235, 117, 255"
840	"615, 606, 483, 1266, 513, 657, 272, 1065, 484, 474"
841	"1294, 272, 888, 331, 258, 316, 286, 313, 326, 307"
842	"874, 302, 269, 258, 902, 340, 272, 886, 315, 270"
843	"89, 271, 62, 675, 7, 250, 195, 800, 96, 183"
844	"83, 173, 45, 318, 50, 207, 12, 921, 174, 251"
845	"690, 308, 903, 909, 1394, 311, 1434, 1234, 750, 310"
846	"127, 50, 56, 187, 182, 64, 178, 174, 520, 12"
847	"1167, 1137, 1400, 173, 89, 372, 740, 1086, 652, 50"
848	"945, 173, 152, 421, 512, 647, 166, 202, 1063, 163"
849	"588, 174, 298, 172, 421, 633, 143, 15, 27, 676"
850	"181, 210, 121, 496, 174, 71, 485, 8, 50, 95"
851	"483, 915, 480, 318, 1143, 50, 180, 12, 64, 182"
852	"50, 408, 181, 1, 257, 151, 109, 117, 515, 127"
853	"300, 288, 682, 880, 1280, 333, 299, 304, 270, 1025"
854	"127, 180, 56, 603, 357, 100, 185, 98, 483, 12"
855	"638, 855, 165, 198, 475, 166, 462, 512, 45, 59"
856	"313, 272, 316, 315, 690, 750, 327, 286, 270, 300"
857	"116, 275, 14, 898, 19, 258, 475, 283, 259, 321"
858	"689, 127, 334, 1368, 269, 9, 515, 754, 100, 286"
859	"287, 421, 846, 3, 535, 475, 955, 249, 313, 1009"
860	"514, 262, 100, 70, 204, 865, 202, 285, 56, 216"
861	"286, 275, 242, 45, 116, 83, 1009, 170, 86, 531"
862	"64, 515, 10, 59, 12, 198, 89, 60, 98, 520"
863	"334, 272, 268, 316, 361, 333, 258, 324, 302, 307"
864	"50, 169, 174, 172, 173, 64, 12, 181, 127, 96"
865	"919, 1009, 1240, 547, 169, 847, 408, 475, 100, 189"
866	"347, 321, 242, 319, 900, 306, 315, 887, 303, 896"
867	"652, 89, 474, 483, 168, 1159, 524, 134, 480, 511"
868	"919, 475, 408, 169, 173, 168, 89, 150, 474, 56"
869	"151, 515, 100, 50, 127, 276, 249, 269, 253, 181"
870	"793, 50, 641, 169, 127, 134, 483, 56, 172, 12"
871	"50, 96, 195, 174, 313, 172, 181, 182, 187, 210"
872	"313, 300, 117, 282, 121, 742, 905, 118, 597, 925"
873	"292, 313, 328, 326, 300, 342, 294, 258, 879, 750"
874	"357, 127, 197, 654, 100, 514, 191, 285, 137, 124"
875	"179, 56, 23, 654, 180, 134, 185, 32, 603, 481"
876	"318, 19, 178, 48, 604, 511, 529, 531, 435, 174"
877	"59, 56, 258, 549, 60, 170, 98, 302, 921, 744"
878	"170, 14, 165, 496, 127, 462, 64, 100, 515, 197"
879	"127, 282, 125, 763, 866, 237, 276, 25, 117, 50"
880	"127, 272, 316, 56, 50, 180, 12, 185, 187, 318"
881	"51, 64, 580, 265, 22, 98, 174, 515, 520, 601"
882	"496, 199, 205, 50, 174, 133, 172, 378, 181, 427"
883	"512, 60, 922, 1019, 867, 1656, 1171, 10, 1448, 1592"
884	"463, 179, 582, 14, 9, 285, 100, 1073, 269, 381"
885	"174, 318, 28, 50, 660, 739, 71, 173, 196, 69"
886	"1467, 171, 657, 64, 12, 50, 173, 659, 318, 721"
887	"763, 288, 90, 369, 562, 993, 410, 418, 412, 432"
888	"191, 269, 514, 286, 237, 180, 762, 202, 792, 274"
889	"1589, 169, 12, 64, 128, 1073, 919, 173, 50, 223"
890	"483, 474, 134, 357, 480, 671, 479, 136, 185, 135"
891	"924, 459, 313, 282, 25, 107, 740, 15, 476, 1197"
892	"12, 64, 318, 50, 127, 98, 515, 1269, 89, 483"
893	"50, 172, 144, 96, 69, 56, 237, 1, 117, 298"
894	"960, 57, 1131, 1194, 318, 536, 190, 272, 515, 1005"
895	"275, 50, 181, 1, 13, 100, 151, 283, 1014, 742"
896	"174, 50, 172, 187, 127, 64, 496, 144, 22, 511"
897	"234, 96, 673, 195, 79, 174, 187, 185, 609, 204"
898	"316, 327, 302, 309, 324, 315, 272, 358, 319, 270"
899	"50, 694, 174, 64, 48, 172, 496, 28, 173, 660"
900	"589, 318, 483, 618, 205, 474, 100, 124, 129, 9"
901	"22, 174, 1389, 69, 1620, 1605, 378, 155, 1643, 66"
902	"318, 483, 480, 306, 50, 144, 79, 497, 191, 172"
903	"192, 127, 187, 56, 23, 182, 180, 185, 357, 693"
904	"785, 155, 216, 278, 255, 451, 275, 300, 421, 117"
905	"313, 302, 345, 100, 458, 591, 7, 508, 475, 237"
906	"676, 285, 287, 221, 9, 10, 744, 276, 15, 286"
907	"313, 278, 272, 1157, 1220, 697, 318, 117, 282, 520"
908	"318, 483, 133, 657, 496, 484, 515, 488, 427, 603"
909	"509, 165, 382, 86, 166, 1121, 275, 286, 531, 261"
910	"98, 313, 357, 12, 127, 174, 50, 100, 205, 182"
911	"428, 647, 709, 399, 855, 87, 479, 173, 194, 190"
912	"427, 143, 479, 419, 197, 423, 14, 132, 602, 659"
913	"478, 483, 173, 357, 481, 127, 50, 19, 603, 172"
914	"778, 155, 781, 402, 197, 1406, 371, 643, 381, 313"
915	"268, 347, 345, 691, 286, 750, 315, 313, 321, 300"
916	"1194, 246, 1005, 512, 56, 134, 100, 60, 474, 268"
917	"276, 100, 25, 9, 237, 476, 285, 287, 150, 696"
918	"1639, 190, 137, 1137, 1099, 631, 1195, 923, 529, 165"
919	"272, 318, 313, 64, 302, 98, 236, 11, 191, 315"
920	"302, 313, 272, 1612, 340, 270, 288, 258, 346, 347"
921	"1032, 210, 1016, 143, 174, 181, 50, 121, 172, 71"
922	"173, 50, 257, 421, 919, 174, 83, 168, 172, 265"
923	"50, 475, 168, 174, 100, 333, 276, 181, 129, 273"
924	"705, 134, 50, 511, 172, 174, 318, 527, 178, 275"
925	"325, 682, 332, 185, 98, 5, 327, 447, 816, 245"
926	"269, 272, 286, 258, 340, 302, 315, 313, 262, 237"
927	"1016, 541, 742, 385, 121, 328, 210, 64, 96, 257"
928	"9, 134, 1007, 114, 8, 269, 246, 172, 127, 48"
929	"135, 127, 187, 589, 521, 89, 98, 185, 100, 423"
930	"113, 126, 286, 190, 244, 709, 275, 165, 269, 1315"
931	"272, 316, 909, 313, 344, 286, 750, 315, 515, 304"
932	"1126, 1449, 114, 524, 483, 119, 474, 513, 647, 1512"
933	"127, 515, 98, 357, 12, 100, 180, 135, 183, 64"
934	"1449, 50, 709, 173, 963, 172, 174, 705, 134, 624"
935	"313, 15, 300, 255, 476, 148, 117, 924, 282, 274"
936	"1097, 1344, 127, 1377, 813, 1368, 100, 475, 9, 285"
937	"408, 50, 297, 283, 224, 124, 303, 242, 285, 515"
938	"1012, 762, 121, 50, 181, 258, 7, 273, 866, 106"
939	"15, 1277, 591, 237, 742, 258, 220, 298, 127, 255"
940	"354, 313, 56, 96, 272, 50, 173, 204, 95, 174"
941	"408, 124, 1007, 1, 258, 455, 15, 298, 475, 919"
942	"478, 174, 95, 318, 210, 705, 50, 172, 496, 313"
943	"721, 11, 42, 68, 64, 205, 219, 182, 22, 763"